pid init begin 
pid init end 
83.000000 
11.555000 
59.559677 
28.175407 
52.907417 
38.944157 
51.891697 
46.141655 
53.339046 
51.509998 
55.908451 
55.944630 
58.970680 
59.882938 
62.224995 
63.537251 
65.527695 
67.011055 
68.810638 
70.355316 
72.042038 
73.595650 
75.207619 
76.745438 
78.301521 
79.812134 
81.321922 
82.800301 
84.268898 
85.713104 
87.143448 
88.553001 
89.946945 
91.322083 
92.680977 
94.022232 
95.347176 
96.655235 
97.947174 
99.222801 
100.482597 
101.726570 
102.955040 
104.168121 
105.366066 
106.549011 
107.717186 
108.870743 
110.009895 
111.134804 
112.245651 
113.342606 
114.425850 
115.495560 
116.551888 
117.595024 
118.625107 
119.642326 
120.646828 
121.638763 
122.618309 
123.585602 
124.540817 
125.484070 
126.415558 
127.335381 
128.243713 
129.140686 
130.026459 
130.901154 
131.764908 
132.617859 
133.460175 
134.291931 
135.113312 
135.924423 
136.725372 
137.516342 
138.297394 
139.068695 
139.830353 
140.582504 
141.325241 
142.058701 
142.782990 
143.498215 
144.204514 
144.901978 
145.590714 
146.270844 
146.942490 
147.605713 
148.260681 
148.907425 
149.546112 
150.176804 
150.799606 
151.414627 
152.021957 
152.621704 
153.213943 
153.798782 
154.376312 
154.946625 
155.509811 
156.065964 
156.615143 
157.157471 
157.693008 
158.221863 
158.744110 
159.259811 
159.769089 
160.271973 
160.768585 
161.258987 
161.743271 
162.221497 
162.693741 
163.160080 
163.620590 
164.075348 
164.524429 
164.967880 
165.405792 
165.838226 
166.265274 
166.686951 
167.103394 
167.514603 
167.920685 
168.321686 
168.717682 
169.108704 
169.494873 
169.876190 
170.252747 
170.624603 
170.991791 
171.354401 
171.712479 
172.066086 
172.415253 
172.760086 
173.100586 
173.436844 
173.768890 
174.096802 
174.420593 
174.740341 
175.056107 
175.367905 
175.675827 
175.979874 
176.280151 
176.576645 
176.869461 
177.158600 
177.444138 
177.726074 
178.004532 
178.279465 
178.550980 
178.819107 
179.083862 
179.345337 
179.603500 
179.858490 
180.110245 
180.358887 
180.604385 
180.846848 
181.086258 
181.322708 
181.556168 
181.786728 
182.014389 
182.239212 
182.461227 
182.680481 
182.896973 
183.110764 
183.321884 
183.530365 
183.736237 
183.939545 
184.140305 
184.338547 
184.534317 
184.727646 
184.918564 
185.107071 
185.293243 
185.477081 
185.658615 
185.837906 
186.014923 
186.189758 
186.362381 
186.532867 
186.701202 
186.867447 
187.031601 
187.193726 
187.353806 
187.511887 
187.667999 
187.822144 
187.974380 
188.124695 
188.273148 
188.419724 
188.564484 
188.707428 
188.848602 
188.987991 
189.125641 
189.261566 
189.395798 
189.528366 
189.659256 
189.788528 
189.916183 
190.042236 
190.166702 
190.289627 
190.410995 
190.530869 
190.649231 
190.766113 
190.881546 
190.995529 
191.108093 
191.219238 
191.328995 
191.437393 
191.544418 
191.650131 
191.754486 
191.857574 
191.959335 
192.059875 
192.159119 
192.257141 
192.353928 
192.449509 
192.543900 
192.637100 
192.729141 
192.820023 
192.909775 
192.998398 
193.085938 
193.172348 
193.257721 
193.341980 
193.425232 
193.507401 
193.588577 
193.668701 
193.747849 
193.826004 
193.903168 
193.979385 
194.054642 
194.128967 
194.202347 
194.274826 
194.346405 
194.417068 
194.486862 
194.555771 
194.623825 
194.691025 
194.757385 
194.822906 
194.887634 
194.951523 
195.014648 
195.076950 
195.138504 
195.199265 
195.259277 
195.318527 
195.377060 
195.434845 
195.491913 
195.548264 
195.603912 
195.658875 
195.713135 
195.766724 
195.819641 
195.871902 
195.923508 
195.974457 
196.024780 
196.074478 
196.123550 
196.171997 
196.219849 
196.267105 
196.313766 
196.359848 
196.405350 
196.450287 
196.494659 
196.538467 
196.581757 
196.624466 
196.666687 
196.708328 
196.749496 
196.790131 
196.830261 
196.869873 
196.909012 
196.947632 
196.985809 
197.023483 
197.060699 
197.097427 
197.133728 
197.169540 
197.204926 
197.239853 
197.274368 
197.308426 
197.342072 
197.375305 
197.408112 
197.440506 
197.472504 
197.504105 
197.535294 
197.566116 
197.596527 
197.626587 
197.656235 
197.685547 
197.714462 
197.743042 
197.771240 
197.799103 
197.826614 
197.853790 
197.880630 
197.907104 
197.933273 
197.959106 
197.984619 
198.009811 
198.034698 
198.059250 
198.083511 
198.107452 
198.131119 
198.154480 
198.177551 
198.200333 
198.222839 
198.245041 
198.266998 
198.288651 
198.310043 
198.331177 
198.352036 
198.372650 
198.392975 
198.413071 
198.432907 
198.452499 
198.471848 
198.490952 
198.509811 
198.528442 
198.546844 
198.565002 
198.582932 
198.600647 
198.618149 
198.635422 
198.652466 
198.669327 
198.685959 
198.702393 
198.718613 
198.734619 
198.750458 
198.766068 
198.781509 
198.796738 
198.811783 
198.826630 
198.841309 
198.855774 
198.870102 
198.884201 
198.898178 
198.911926 
198.925537 
198.938965 
198.952225 
198.965317 
198.978271 
198.991028 
199.003647 
199.016083 
199.028397 
199.040543 
199.052536 
199.064377 
199.076065 
199.087616 
199.099014 
199.110291 
199.121399 
199.132401 
199.143219 
199.153946 
199.164505 
199.174957 
199.185272 
199.195450 
199.205521 
199.215454 
199.225250 
199.234940 
199.244492 
199.253937 
199.263260 
199.272476 
199.281555 
199.290558 
199.299408 
199.308167 
199.316803 
199.325363 
199.333786 
199.342117 
199.350342 
199.358459 
199.366486 
199.374405 
199.382233 
199.389954 
199.397583 
199.405121 
199.412552 
199.419907 
199.427139 
199.434326 
199.441376 
199.448380 
199.455261 
199.462082 
199.468796 
199.475449 
199.481995 
199.488464 
199.494873 
199.501175 
199.507416 
199.513565 
199.519653 
199.525650 
199.531586 
199.537445 
199.543228 
199.548950 
199.554581 
199.560150 
199.565643 
199.571075 
199.576431 
199.581741 
199.586945 
199.592133 
199.597214 
199.602249 
199.607224 
199.612122 
199.616974 
199.621765 
199.626480 
199.631149 
199.635757 
199.640320 
199.644806 
199.649246 
199.653641 
199.657959 
199.662247 
199.666458 
199.670639 
199.674744 
199.678818 
199.682831 
199.686798 
199.690720 
199.694595 
199.698410 
199.702179 
199.705902 
199.709579 
199.713211 
199.716797 
199.720337 
199.723831 
199.727280 
199.730682 
199.734055 
199.737381 
199.740662 
199.743912 
199.747101 
199.750275 
199.753387 
199.756485 
199.759521 
199.762527 
199.765488 
199.768417 
199.771317 
199.774170 
199.776993 
199.779770 
199.782532 
199.785248 
199.787933 
199.790588 
199.793198 
199.795792 
199.798340 
199.800858 
199.803345 
199.805801 
199.808228 
199.810623 
199.812988 
199.815338 
199.817642 
199.819916 
199.822174 
199.824387 
199.826584 
199.828766 
199.830887 
199.833008 
199.835098 
199.837158 
199.839203 
199.841202 
199.843201 
199.845169 
199.847107 
199.849030 
199.850906 
199.852783 
199.854630 
199.856445 
199.858246 
199.860001 
199.861755 
199.863495 
199.865189 
199.866882 
199.868546 
199.870193 
199.871811 
199.873413 
199.875000 
199.876556 
199.878098 
199.879623 
199.881134 
199.882614 
199.884079 
199.885544 
199.886963 
199.888382 
199.889771 
199.891159 
199.892502 
199.893860 
199.895172 
199.896484 
199.897781 
199.899063 
199.900314 
199.901566 
199.902802 
199.904022 
199.905212 
199.906403 
199.907562 
199.908737 
199.909866 
199.910995 
199.912094 
199.913208 
199.914276 
199.915359 
199.916412 
199.917480 
199.918503 
199.919525 
199.920517 
199.921509 
199.922485 
199.923447 
199.924408 
199.925339 
199.926270 
199.927200 
199.928116 
199.929016 
199.929916 
199.930786 
199.931656 
199.932510 
199.933350 
199.934189 
199.934998 
199.935822 
199.936615 
199.937424 
199.938187 
199.938980 
199.939713 
199.940491 
199.941223 
199.941956 
199.942673 
199.943405 
199.944107 
199.944809 
199.945496 
199.946182 
199.946854 
199.947510 
199.948181 
199.948807 
199.949463 
199.950089 
199.950714 
199.951324 
199.951935 
199.952530 
199.953125 
199.953720 
199.954285 
199.954865 
199.955414 
199.955994 
199.956528 
199.957092 
199.957611 
199.958145 
199.958664 
199.959183 
199.959702 
199.960190 
199.960709 
199.961182 
199.961685 
199.962143 
199.962631 
199.963089 
199.963562 
199.964005 
199.964462 
199.964890 
199.965347 
199.965759 
199.966202 
199.966614 
199.967041 
199.967438 
199.967850 
199.968246 
199.968658 
199.969040 
199.969437 
199.969818 
199.970200 
199.970566 
199.970947 
199.971298 
199.971664 
199.972015 
199.972366 
199.972702 
199.973053 
199.973389 
199.973724 
199.974045 
199.974380 
199.974701 
199.975021 
199.975327 
199.975647 
199.975937 
199.976257 
199.976532 
199.976837 
199.977127 
199.977402 
199.977692 
199.977966 
199.978256 
199.978516 
199.978790 
199.979050 
199.979309 
199.979568 
199.979828 
199.980087 
199.980316 
199.980576 
199.980804 
199.981064 
199.981277 
199.981537 
199.981750 
199.981995 
199.982193 
199.982437 
199.982635 
199.982880 
199.983078 
199.983292 
199.983505 
199.983704 
199.983917 
199.984100 
199.984314 
199.984497 
199.984695 
199.984894 
199.985077 
199.985260 
199.985443 
199.985626 
199.985809 
199.985992 
199.986160 
199.986328 
199.986511 
199.986664 
199.986847 
199.987000 
199.987167 
199.987320 
199.987488 
199.987640 
199.987793 
199.987946 
199.988083 
199.988235 
199.988388 
199.988525 
199.988678 
199.988815 
199.988953 
199.989090 
199.989227 
199.989365 
199.989487 
199.989639 
199.989761 
199.989883 
199.990005 
199.990128 
199.990250 
199.990372 
199.990494 
199.990616 
199.990738 
199.990845 
199.990967 
199.991058 
199.991180 
199.991287 
199.991394 
199.991516 
199.991608 
199.991730 
199.991821 
199.991928 
199.992020 
199.992126 
199.992218 
199.992310 
199.992416 
199.992508 
199.992615 
199.992706 
199.992783 
199.992874 
199.992966 
199.993042 
199.993134 
199.993210 
199.993301 
199.993393 
199.993469 
199.993561 
199.993637 
199.993729 
199.993805 
199.993881 
199.993942 
199.994034 
199.994095 
199.994171 
199.994247 
199.994308 
199.994400 
199.994461 
199.994537 
199.994614 
199.994675 
199.994751 
199.994797 
199.994873 
199.994919 
199.994995 
199.995041 
199.995117 
199.995163 
199.995239 
199.995285 
199.995361 
199.995407 
199.995483 
199.995529 
199.995605 
199.995651 
199.995712 
199.995758 
199.995804 
199.995850 
199.995911 
199.995941 
199.996002 
199.996048 
199.996094 
199.996155 
199.996185 
199.996246 
199.996292 
199.996338 
199.996399 
199.996429 
199.996490 
199.996536 
199.996582 
199.996643 
199.996658 
199.996719 
199.996735 
199.996796 
199.996811 
199.996857 
199.996887 
199.996933 
199.996964 
199.997009 
199.997040 
199.997070 
199.997116 
199.997147 
199.997192 
199.997223 
199.997253 
199.997299 
199.997330 
199.997375 
199.997406 
199.997437 
199.997482 
199.997513 
199.997559 
199.997589 
199.997604 
199.997635 
199.997665 
199.997681 
199.997711 
199.997726 
199.997757 
199.997787 
199.997803 
199.997833 
199.997849 
199.997879 
199.997910 
199.997925 
199.997955 
199.997971 
199.998001 
199.998032 
199.998047 
199.998077 
199.998093 
199.998123 
199.998154 
199.998169 
199.998199 
199.998215 
199.998245 
199.998276 
199.998291 
199.998322 
199.998337 
199.998367 
199.998398 
199.998413 
199.998444 
199.998459 
199.998489 
199.998520 
199.998535 
199.998566 
199.998566 
199.998596 
199.998596 
199.998611 
199.998627 
199.998642 
199.998642 
199.998672 
199.998672 
199.998688 
199.998703 
199.998703 
199.998734 
199.998734 
199.998749 
199.998764 
199.998764 
199.998795 
199.998795 
199.998810 
199.998825 
199.998825 
199.998856 
199.998856 
199.998871 
199.998886 
199.998886 
199.998917 
199.998917 
199.998932 
199.998947 
199.998947 
199.998978 
199.998978 
199.998993 
199.999008 
199.999008 
199.999039 
199.999039 
199.999054 
199.999069 
199.999069 
199.999100 
199.999100 
199.999115 
199.999130 
199.999130 
199.999161 
199.999161 
199.999176 
199.999191 
199.999191 
199.999222 
199.999222 
199.999237 
199.999252 
199.999252 
199.999283 
199.999283 
199.999298 
199.999313 
199.999313 
199.999344 
199.999344 
199.999359 
199.999374 
199.999374 
199.999405 
199.999405 
199.999420 
199.999435 
199.999435 
199.999466 
199.999466 
199.999481 
