pid init begin 
pid init end 
88.000000 
17.280001 
70.476799 
40.235004 
69.361687 
56.888180 
73.427399 
69.379913 
79.531555 
79.480141 
86.351830 
88.138794 
93.272797 
95.845673 
100.009499 
102.858162 
106.437141 
109.317787 
112.508614 
115.308067 
118.214127 
120.883034 
123.561356 
126.081360 
128.565765 
130.933380 
133.245880 
135.464569 
137.621017 
139.697327 
141.710205 
143.651901 
145.531723 
147.346863 
149.102905 
150.799393 
152.440033 
154.025482 
155.558411 
157.039993 
158.472351 
159.856827 
161.195236 
162.488953 
163.739578 
164.948502 
166.117111 
167.246765 
168.338760 
169.394333 
170.414719 
171.401108 
172.354584 
173.276291 
174.167252 
175.028503 
175.861069 
176.665863 
177.443817 
178.195831 
178.922791 
179.625488 
180.304794 
180.961426 
181.596176 
182.209747 
182.802872 
183.376221 
183.930466 
184.466217 
184.984116 
185.484756 
185.968674 
186.436493 
186.888687 
187.325821 
187.748383 
188.156845 
188.551697 
188.933380 
189.302338 
189.658997 
190.003754 
190.337036 
190.659195 
190.970627 
191.271652 
191.562668 
191.843964 
192.115906 
192.378754 
192.632843 
192.878464 
193.115906 
193.345413 
193.567291 
193.781754 
193.989075 
194.189468 
194.383194 
194.570450 
194.751480 
194.926468 
195.095627 
195.259125 
195.417191 
195.569977 
195.717682 
195.860458 
195.998474 
196.131882 
196.260849 
196.385513 
196.506012 
196.622513 
196.735107 
196.843964 
196.949203 
197.050903 
197.149246 
197.244263 
197.336166 
197.424973 
197.510834 
197.593826 
197.674042 
197.751602 
197.826569 
197.899017 
197.969086 
198.036774 
198.102249 
198.165512 
198.226685 
198.285797 
198.342972 
198.398209 
198.451614 
198.503235 
198.553131 
198.601364 
198.647980 
198.693069 
198.736649 
198.778748 
198.819473 
198.858841 
198.896881 
198.933655 
198.969208 
199.003571 
199.036804 
199.068924 
199.099960 
199.129974 
199.158981 
199.187012 
199.214111 
199.240311 
199.265640 
199.290115 
199.313797 
199.336655 
199.358795 
199.380157 
199.400818 
199.420792 
199.440109 
199.458771 
199.476807 
199.494263 
199.511124 
199.527420 
199.543182 
199.558426 
199.573135 
199.587372 
199.601120 
199.614426 
199.627289 
199.639694 
199.651718 
199.663315 
199.674561 
199.685410 
199.695908 
199.706039 
199.715851 
199.725311 
199.734482 
199.743332 
199.751907 
199.760162 
199.768173 
199.775894 
199.783371 
199.790588 
199.797577 
199.804337 
199.810867 
199.817154 
199.823257 
199.829147 
199.834839 
199.840347 
199.845673 
199.850815 
199.855789 
199.860596 
199.865234 
199.869736 
199.874069 
199.878281 
199.882324 
199.886261 
199.890045 
199.893707 
199.897263 
199.900665 
199.903992 
199.907181 
199.910278 
199.913284 
199.916168 
199.918976 
199.921677 
199.924286 
199.926804 
199.929245 
199.931610 
199.933884 
199.936081 
199.938217 
199.940277 
199.942276 
199.944183 
199.946045 
199.947830 
199.949585 
199.951248 
199.952896 
199.954437 
199.955963 
199.957428 
199.958847 
199.960205 
199.961548 
199.962830 
199.964066 
199.965271 
199.966431 
199.967545 
199.968628 
199.969666 
199.970673 
199.971649 
199.972595 
199.973511 
199.974380 
199.975235 
199.976074 
199.976852 
199.977631 
199.978378 
199.979095 
199.979797 
199.980453 
199.981125 
199.981735 
199.982361 
199.982925 
199.983505 
199.984055 
199.984604 
199.985107 
199.985611 
199.986069 
199.986557 
199.987000 
199.987442 
199.987869 
199.988281 
199.988663 
199.989044 
199.989395 
199.989761 
199.990097 
199.990417 
199.990753 
199.991058 
199.991348 
199.991653 
199.991913 
199.992203 
199.992447 
199.992706 
199.992950 
199.993179 
199.993408 
199.993607 
199.993835 
199.994034 
199.994232 
199.994431 
199.994598 
199.994797 
199.994965 
199.995132 
199.995285 
199.995453 
199.995605 
199.995743 
199.995895 
199.996017 
199.996155 
199.996277 
199.996414 
199.996521 
199.996643 
199.996750 
199.996872 
199.996964 
199.997070 
199.997162 
199.997269 
199.997360 
199.997437 
199.997528 
199.997604 
199.997681 
199.997772 
199.997849 
199.997910 
199.997986 
199.998047 
199.998108 
199.998169 
199.998245 
199.998306 
199.998352 
199.998398 
199.998459 
199.998489 
199.998550 
199.998596 
199.998642 
199.998703 
199.998734 
199.998795 
199.998825 
199.998856 
199.998886 
199.998917 
199.998962 
199.998978 
199.999023 
199.999054 
199.999084 
199.999115 
199.999146 
199.999191 
199.999207 
199.999252 
199.999283 
199.999298 
199.999313 
199.999329 
199.999344 
199.999359 
199.999374 
199.999390 
199.999405 
199.999435 
199.999435 
199.999466 
199.999466 
199.999496 
199.999512 
199.999527 
199.999542 
199.999557 
199.999573 
199.999588 
199.999603 
199.999619 
199.999634 
199.999649 
199.999680 
199.999680 
199.999710 
199.999710 
199.999741 
199.999756 
199.999771 
199.999771 
199.999771 
199.999771 
199.999771 
199.999771 
199.999771 
199.999771 
199.999771 
199.999771 
199.999771 
199.999771 
199.999771 
199.999771 
199.999771 
199.999771 
199.999771 
199.999771 
199.999771 
199.999771 
199.999771 
199.999771 
199.999771 
199.999771 
199.999771 
199.999771 
199.999771 
199.999771 
199.999771 
199.999771 
199.999771 
199.999771 
199.999771 
199.999771 
199.999771 
199.999771 
199.999771 
199.999771 
199.999771 
199.999771 
199.999771 
199.999771 
199.999771 
199.999771 
199.999771 
199.999771 
199.999771 
199.999771 
199.999771 
199.999771 
199.999771 
199.999771 
199.999771 
199.999771 
199.999771 
199.999771 
199.999771 
199.999771 
199.999771 
199.999771 
199.999771 
199.999771 
199.999771 
199.999771 
199.999771 
199.999771 
199.999771 
199.999771 
199.999771 
199.999771 
199.999771 
199.999771 
199.999771 
199.999771 
199.999771 
199.999771 
199.999771 
199.999771 
199.999771 
199.999771 
199.999771 
199.999771 
199.999771 
199.999771 
199.999771 
199.999771 
199.999771 
199.999771 
199.999771 
199.999771 
199.999771 
199.999771 
199.999771 
199.999771 
199.999771 
199.999771 
199.999771 
199.999771 
199.999771 
199.999771 
199.999771 
199.999771 
199.999771 
199.999771 
199.999771 
199.999771 
199.999771 
199.999771 
199.999771 
199.999771 
199.999771 
199.999771 
199.999771 
199.999771 
199.999771 
199.999771 
199.999771 
199.999771 
199.999771 
199.999771 
199.999771 
199.999771 
199.999771 
199.999771 
199.999771 
199.999771 
199.999771 
199.999771 
199.999771 
199.999771 
199.999771 
199.999771 
199.999771 
199.999771 
199.999771 
199.999771 
199.999771 
199.999771 
199.999771 
199.999771 
199.999771 
199.999771 
199.999771 
199.999771 
199.999771 
199.999771 
199.999771 
199.999771 
199.999771 
199.999771 
199.999771 
199.999771 
199.999771 
199.999771 
199.999771 
199.999771 
199.999771 
199.999771 
199.999771 
199.999771 
199.999771 
199.999771 
199.999771 
199.999771 
199.999771 
199.999771 
199.999771 
199.999771 
199.999771 
199.999771 
199.999771 
199.999771 
199.999771 
199.999771 
199.999771 
199.999771 
199.999771 
199.999771 
199.999771 
199.999771 
199.999771 
199.999771 
199.999771 
199.999771 
199.999771 
199.999771 
199.999771 
199.999771 
199.999771 
199.999771 
199.999771 
199.999771 
199.999771 
199.999771 
199.999771 
199.999771 
199.999771 
199.999771 
199.999771 
199.999771 
199.999771 
199.999771 
199.999771 
199.999771 
199.999771 
199.999771 
199.999771 
199.999771 
199.999771 
199.999771 
199.999771 
199.999771 
199.999771 
199.999771 
199.999771 
199.999771 
199.999771 
199.999771 
199.999771 
199.999771 
199.999771 
199.999771 
199.999771 
199.999771 
199.999771 
199.999771 
199.999771 
199.999771 
199.999771 
199.999771 
199.999771 
199.999771 
199.999771 
199.999771 
199.999771 
199.999771 
199.999771 
199.999771 
199.999771 
199.999771 
199.999771 
199.999771 
199.999771 
199.999771 
199.999771 
199.999771 
199.999771 
199.999771 
199.999771 
199.999771 
199.999771 
199.999771 
199.999771 
199.999771 
199.999771 
199.999771 
199.999771 
199.999771 
199.999771 
199.999771 
199.999771 
199.999771 
199.999771 
199.999771 
199.999771 
199.999771 
199.999771 
199.999771 
199.999771 
199.999771 
199.999771 
199.999771 
199.999771 
199.999771 
199.999771 
199.999771 
199.999771 
199.999771 
199.999771 
199.999771 
199.999771 
199.999771 
199.999771 
199.999771 
199.999771 
199.999771 
199.999771 
199.999771 
199.999771 
199.999771 
199.999771 
199.999771 
199.999771 
199.999771 
199.999771 
199.999771 
199.999771 
199.999771 
199.999771 
199.999771 
199.999771 
199.999771 
199.999771 
199.999771 
199.999771 
199.999771 
199.999771 
199.999771 
199.999771 
199.999771 
199.999771 
199.999771 
199.999771 
199.999771 
199.999771 
199.999771 
199.999771 
199.999771 
199.999771 
199.999771 
199.999771 
199.999771 
199.999771 
199.999771 
199.999771 
199.999771 
199.999771 
199.999771 
199.999771 
199.999771 
199.999771 
199.999771 
199.999771 
199.999771 
199.999771 
199.999771 
199.999771 
199.999771 
199.999771 
199.999771 
199.999771 
199.999771 
199.999771 
199.999771 
199.999771 
199.999771 
199.999771 
199.999771 
199.999771 
199.999771 
199.999771 
199.999771 
199.999771 
199.999771 
199.999771 
199.999771 
199.999771 
199.999771 
199.999771 
199.999771 
199.999771 
199.999771 
199.999771 
199.999771 
199.999771 
199.999771 
199.999771 
199.999771 
199.999771 
199.999771 
199.999771 
199.999771 
199.999771 
199.999771 
199.999771 
199.999771 
199.999771 
199.999771 
199.999771 
199.999771 
199.999771 
199.999771 
199.999771 
199.999771 
199.999771 
199.999771 
199.999771 
199.999771 
199.999771 
199.999771 
199.999771 
199.999771 
199.999771 
199.999771 
199.999771 
199.999771 
199.999771 
199.999771 
199.999771 
199.999771 
199.999771 
199.999771 
199.999771 
199.999771 
199.999771 
199.999771 
199.999771 
199.999771 
199.999771 
199.999771 
199.999771 
199.999771 
199.999771 
199.999771 
199.999771 
199.999771 
199.999771 
199.999771 
199.999771 
199.999771 
199.999771 
199.999771 
199.999771 
199.999771 
199.999771 
199.999771 
199.999771 
199.999771 
199.999771 
199.999771 
199.999771 
199.999771 
199.999771 
199.999771 
199.999771 
199.999771 
199.999771 
199.999771 
199.999771 
199.999771 
199.999771 
199.999771 
199.999771 
199.999771 
199.999771 
199.999771 
199.999771 
199.999771 
199.999771 
199.999771 
199.999771 
199.999771 
199.999771 
199.999771 
199.999771 
199.999771 
199.999771 
199.999771 
199.999771 
199.999771 
199.999771 
199.999771 
199.999771 
199.999771 
199.999771 
199.999771 
199.999771 
199.999771 
199.999771 
199.999771 
199.999771 
199.999771 
199.999771 
199.999771 
199.999771 
199.999771 
199.999771 
199.999771 
199.999771 
199.999771 
199.999771 
199.999771 
199.999771 
199.999771 
199.999771 
199.999771 
199.999771 
199.999771 
199.999771 
199.999771 
199.999771 
199.999771 
199.999771 
199.999771 
199.999771 
199.999771 
199.999771 
199.999771 
199.999771 
199.999771 
199.999771 
199.999771 
199.999771 
199.999771 
199.999771 
199.999771 
199.999771 
199.999771 
199.999771 
199.999771 
199.999771 
199.999771 
199.999771 
199.999771 
199.999771 
199.999771 
199.999771 
199.999771 
199.999771 
199.999771 
199.999771 
199.999771 
199.999771 
199.999771 
199.999771 
199.999771 
199.999771 
199.999771 
199.999771 
199.999771 
199.999771 
199.999771 
199.999771 
199.999771 
199.999771 
199.999771 
199.999771 
199.999771 
199.999771 
199.999771 
199.999771 
199.999771 
199.999771 
199.999771 
199.999771 
199.999771 
199.999771 
199.999771 
199.999771 
199.999771 
199.999771 
199.999771 
199.999771 
199.999771 
199.999771 
199.999771 
199.999771 
199.999771 
199.999771 
199.999771 
199.999771 
199.999771 
199.999771 
199.999771 
199.999771 
199.999771 
199.999771 
199.999771 
199.999771 
199.999771 
199.999771 
199.999771 
199.999771 
199.999771 
199.999771 
199.999771 
199.999771 
199.999771 
199.999771 
199.999771 
199.999771 
199.999771 
199.999771 
199.999771 
199.999771 
199.999771 
199.999771 
199.999771 
199.999771 
199.999771 
199.999771 
199.999771 
199.999771 
199.999771 
199.999771 
199.999771 
199.999771 
199.999771 
199.999771 
199.999771 
199.999771 
199.999771 
199.999771 
199.999771 
199.999771 
199.999771 
199.999771 
